data/chr25.eds 0.641799 0.010574 55.604880
data/chr25.eds 0.641799 0.010403 56.518889
data/chr25.eds 0.641799 0.010347 56.824780
data/chr25.eds 0.641799 0.010129 58.047784
data/chr25.eds 0.641799 0.010590 55.520869

data/chr26.eds 0.715316 0.014131 45.553606
data/chr26.eds 0.715316 0.014400 44.702639
data/chr26.eds 0.715316 0.013995 45.996284
data/chr26.eds 0.715316 0.013749 46.819260
data/chr26.eds 0.715316 0.014145 45.508519

data/chr27.eds 0.870766 0.018957 40.180092
data/chr27.eds 0.870766 0.018873 40.358925
data/chr27.eds 0.870766 0.018958 40.177972
data/chr27.eds 0.870766 0.018354 41.500163
data/chr27.eds 0.870766 0.018931 40.235275

data/chr28.eds 1.192048 0.028837 34.895794
data/chr28.eds 1.192048 0.028741 35.012352
data/chr28.eds 1.192048 0.029788 33.781724
data/chr28.eds 1.192048 0.029261 34.390144
data/chr28.eds 1.192048 0.029822 33.743210
