data/chr25.eds 2.341846 0.051880 38.800386
data/chr25.eds 2.341846 0.051713 38.925686
data/chr25.eds 2.341846 0.058592 34.355612
data/chr25.eds 2.341846 0.059649 33.746819
data/chr25.eds 2.341846 0.060381 33.337706
data/chr26.eds 4.187609 0.103498 34.098814
data/chr26.eds 4.187609 0.105852 33.340504
data/chr26.eds 4.187609 0.117053 30.150094
data/chr26.eds 4.187609 0.119134 29.623441
data/chr26.eds 4.187609 0.119957 29.420201
data/chr27.eds 6.016912 0.157714 31.898398
data/chr27.eds 6.016912 0.153627 32.747004
data/chr27.eds 6.016912 0.170775 29.458785
data/chr27.eds 6.016912 0.174006 28.911785
data/chr27.eds 6.016912 0.173961 28.919264
data/chr28.eds 7.864620 0.215229 30.431420
data/chr28.eds 7.864620 0.214897 30.478434
data/chr28.eds 7.864620 0.237445 27.584173
data/chr28.eds 7.864620 0.240535 27.229817
data/chr28.eds 7.864620 0.241891 27.077171
next
data/chr25.eds 0.138643 0.003129 36.256951
data/chr25.eds 0.138643 0.003393 33.435897
data/chr25.eds 0.138643 
data/chr26.eds 0.391324 0.011155 27.512057
data/chr26.eds 0.391324 0.011091 27.670814
data/chr26.eds 0.391324 
data/chr27.eds 0.746246 0.022533 25.878001
data/chr27.eds 0.746246 0.022611 25.788731
data/chr27.eds 0.746246 
data/chr28.eds 1.485877 0.047098 24.767124
data/chr28.eds 1.485877 0.048302 24.149766
data/chr28.eds 1.485877
next
data/chr25.eds 0.078309 0.001224 55.174020
data/chr25.eds 0.078309 0.001401 48.203426
data/chr25.eds 0.078309 
data/chr26.eds 0.093083 0.001818 43.312981
data/chr26.eds 0.093083 0.002127 37.020686
data/chr26.eds 0.093083 
data/chr27.eds 0.123900 0.002690 37.962454
data/chr27.eds 0.123900 0.003007 33.960426
data/chr27.eds 0.123900 
data/chr28.eds 0.186520 0.004801 31.202666
data/chr28.eds 0.186520 0.004913 30.491349
data/chr28.eds 0.186520
next
data/chr25.eds 0.047027 0.000851 47.658049
data/chr25.eds 0.047027 0.000914 44.373085
data/chr25.eds 0.047027 
data/chr26.eds 0.056166 0.001169 40.675791
data/chr26.eds 0.056166 0.001340 35.485075
data/chr26.eds 0.056166 
data/chr27.eds 0.074097 0.001716 35.592657
data/chr27.eds 0.074097 0.001823 33.503566
data/chr27.eds 0.074097 
data/chr28.eds 0.112936 0.002875 31.527652
data/chr28.eds 0.112936 0.003080 29.429221
data/chr28.eds 0.112936 
next
data/chr25.eds 0.047027 0.000773 52.467012
data/chr25.eds 0.047027 0.000906 44.764901
data/chr25.eds 0.047027 data/chr26.eds 0.056166 0.001134 41.931217
data/chr26.eds 0.056166 0.001324 35.913897
data/chr26.eds 0.056166 data/chr27.eds 0.074097 0.001743 35.041308
data/chr27.eds 0.074097 0.001856 32.907866
data/chr27.eds 0.074097 data/chr28.eds 0.112936 0.002959 30.632646
data/chr28.eds 0.112936 0.003112 29.126607
data/chr28.eds 0.112936 data/chr25.eds 0.047027 data/chr25.eds 0.047027 data/chr25.eds 0.047027 data/chr26.eds 0.056166 data/chr26.eds 0.056166 data/chr26.eds 0.056166 data/chr27.eds 0.074097 data/chr27.eds 0.074097 data/chr25.eds 0.047027 0.000754 53.789125
data/chr25.eds 0.047027 0.000896 45.264509
data/chr25.eds 0.047027 data/chr26.eds 0.056166 0.001161 40.956072
data/chr25.eds 0.047027 0.000766 52.946475
data/chr25.eds 0.047027 0.000890 45.569663
data/chr25.eds 0.047027 data/chr26.eds 0.056166 0.001161 40.956072
data/chr26.eds 0.056166 0.001361 34.937546
data/chr26.eds 0.056166 data/chr25.eds 0.047027 0.000756 53.646825
data/chr25.eds 0.047027 0.000891 45.518519
data/chr25.eds 0.047027 data/chr26.eds 0.056166 0.001205 39.460581
data/chr26.eds 0.056166 0.001342 35.432191
data/chr26.eds 0.056166 data/chr27.eds 0.074097 0.001649 37.038811
data/chr27.eds 0.074097 0.001843 33.139989
data/chr27.eds 0.074097 data/chr28.eds 0.112936 0.002850 31.804211
data/chr28.eds 0.112936 0.003033 29.885262
data/chr28.eds 0.112936 data/chr25.eds 0.047027 data/chr25.eds 0.047027 data/chr25.eds 0.047027 data/chr26.eds 0.056166 data/chr26.eds 0.056166 
next
data/chr25.eds 0.047027 0.000756 53.646825
data/chr25.eds 0.047027 0.000888 45.672297
data/chr25.eds 0.047027 0.000933 43.469453
data/chr26.eds 0.056166 0.001001 47.502498
data/chr26.eds 0.056166 0.001267 37.529597
data/chr26.eds 0.056166 0.001368 34.758772
data/chr27.eds 0.074097 0.001352 45.175296
data/chr27.eds 0.074097 0.001746 34.981100
data/chr27.eds 0.074097 0.001843 33.139989
data/chr28.eds 0.112936 0.002303 39.358228
data/chr28.eds 0.112936 0.002534 35.770324
data/chr28.eds 0.112936 0.003106 29.182872
next
data/chr25.eds 0.047027 0.000745 54.438926
data/chr25.eds 0.047027 0.000892 45.467489
data/chr25.eds 0.047027 0.000931 43.562836
data/chr26.eds 0.056166 0.001209 39.330025
data/chr26.eds 0.056166 0.001331 35.725019
data/chr26.eds 0.056166 0.001399 33.988563
data/chr27.eds 0.074097 0.001452 42.064050
data/chr27.eds 0.074097 0.001775 34.409577
data/chr27.eds 0.074097 0.001864 32.766631
data/chr28.eds 0.112936 0.002404 37.704659
data/chr28.eds 0.112936 0.002745 33.020765
data/chr28.eds 0.112936 0.003102 29.220503
next
data/chr25.eds 0.064013 0.000752 77.941489
data/chr25.eds 0.064013 0.000755 77.631788
data/chr25.eds 0.064013 0.000748 78.358289
data/chr25.eds 0.064013 0.000772 75.922280
data/chr25.eds 0.064013 0.000855 68.552047
data/chr26.eds 0.071448 0.000929 69.258342
data/chr26.eds 0.071448 0.000917 70.164667
data/chr26.eds 0.071448 0.000918 70.088235
data/chr26.eds 0.071448 0.001011 63.640950
data/chr26.eds 0.071448 0.001156 55.658304
data/chr27.eds 0.086895 0.001266 60.102686
data/chr27.eds 0.086895 0.001235 61.611336
data/chr27.eds 0.086895 0.001249 60.920737
data/chr27.eds 0.086895 0.001285 59.214008
data/chr27.eds 0.086895 0.001559 48.806928
data/chr28.eds 0.117973 0.001918 51.978624
data/chr28.eds 0.117973 0.001942 51.336251
data/chr28.eds 0.117973 0.001894 52.637276
data/chr28.eds 0.117973 0.001907 52.278448
data/chr28.eds 0.117973 0.002432 40.993010

data/chr25.eds 0.641745 0.007783 75.528331
data/chr25.eds 0.641745 0.007693 76.411933
data/chr25.eds 0.641745 0.007886 74.541846
data/chr25.eds 0.641745 0.007777 75.586602
data/chr25.eds 0.641745 0.008514 69.043575
data/chr26.eds 0.715272 0.010429 61.733436
data/chr26.eds 0.715272 0.010802 59.601740
data/chr26.eds 0.715272 0.010498 61.327681
data/chr26.eds 0.715272 0.010938 58.860669
data/chr26.eds 0.715272 0.011851 54.326048
data/chr27.eds 0.868417 0.014877 51.092962
data/chr27.eds 0.868417 0.014818 51.296396
data/chr27.eds 0.868417 0.015038 50.545950
data/chr27.eds 0.868417 0.015598 48.731248
data/chr27.eds 0.868417 0.015937 47.694673
data/chr28.eds 1.193986 0.024124 41.766208
data/chr28.eds 1.193986 0.024144 41.731610
data/chr28.eds 1.193986 0.025133 40.089444
data/chr28.eds 1.193986 0.025414 39.646179
data/chr28.eds 1.193986 0.026965 37.365770


data/chr25.eds 0.641799 0.007867 74.738274
data/chr25.eds 0.641799 0.007757 75.798118
data/chr25.eds 0.641799 0.008123 72.382863
data/chr25.eds 0.641799 0.008420 69.829691
data/chr25.eds 0.641799 0.008550 68.767953

data/chr26.eds 0.715316 0.010534 61.108601
data/chr26.eds 0.715316 0.010651 60.437330
data/chr26.eds 0.715316 0.010742 59.925340
data/chr26.eds 0.715316 0.010917 58.964734
data/chr26.eds 0.715316 0.011453 56.205186

data/chr27.eds 0.870766 0.015865 48.010968
data/chr27.eds 0.870766 0.014951 50.946024
data/chr27.eds 0.870766 0.015656 48.651891
data/chr27.eds 0.870766 0.015812 48.171895
data/chr27.eds 0.870766 0.016110 47.280819

data/chr28.eds 1.192048 0.024397 41.246465
data/chr28.eds 1.192048 0.024363 41.304027
data/chr28.eds 1.192048 0.025572 39.351244
data/chr28.eds 1.192048 0.025683 39.181170
data/chr28.eds 1.192048 0.026166 38.457922
