data/chr25x.eds 3.945216 0.090104 37.458393
data/chr25x.eds 3.945216 0.087749 38.463698
data/chr25x.eds 3.945216 0.102298 32.993323
data/chr25x.eds 3.945216 0.104723 32.229319
data/chr25x.eds 3.945216 0.105406 32.020483
data/chr26x.eds 5.575982 0.123729 38.485820
data/chr26x.eds 5.575982 0.125117 38.058873
data/chr26x.eds 5.575982 0.147521 32.278876
data/chr26x.eds 5.575982 0.149133 31.929969
data/chr26x.eds 5.575982 0.149107 31.935536
data/chr27x.eds 7.239952 0.161748 38.193876
data/chr27x.eds 7.239952 0.158805 38.901691
data/chr27x.eds 7.239952 0.192269 32.130936
data/chr27x.eds 7.239952 0.197535 31.274372
data/chr27x.eds 7.239952 0.199382 30.984658
data/chr28x.eds 8.929840 0.202796 37.568991
data/chr28x.eds 8.929840 0.196253 38.821526
data/chr28x.eds 8.929840 0.243407 31.300829
data/chr28x.eds 8.929840 0.249625 30.521146
data/chr28x.eds 8.929840 0.254061 29.988235
