data/chr25.eds 0.138643 0.000355 319.571831
data/chr25.eds 0.138643 0.000370 306.616216
data/chr25.eds 0.138643 
data/chr26.eds 0.391324 0.000917 334.675027
data/chr26.eds 0.391324 0.000915 335.406557
data/chr26.eds 0.391324 
data/chr27.eds 0.746246 0.001660 351.270482
data/chr27.eds 0.746246 0.001681 346.882213
data/chr27.eds 0.746246 
data/chr28.eds 1.485877 0.003310 352.411480
data/chr28.eds 1.485877 0.003330 350.294895
data/chr28.eds 1.485877
next
data/chr25.eds 0.078309 0.000174 388.120690
data/chr25.eds 0.078309 0.000184 367.027174
data/chr25.eds 0.078309 
data/chr26.eds 0.093083 0.000243 324.045267
data/chr26.eds 0.093083 0.000242 325.384298
data/chr26.eds 0.093083 
data/chr27.eds 0.123900 0.000331 308.516616
data/chr27.eds 0.123900 0.000335 304.832836
data/chr27.eds 0.123900 
data/chr28.eds 0.186520 0.000477 314.054507
data/chr28.eds 0.186520 0.000477 314.054507
data/chr28.eds 0.186520
next
data/chr25.eds 0.047027 0.000109 372.082569
data/chr25.eds 0.047027 0.000111 365.378378
data/chr25.eds 0.047027 
data/chr26.eds 0.056166 0.000146 325.684932
data/chr26.eds 0.056166 0.000148 321.283784
data/chr26.eds 0.056166 d
ata/chr27.eds 0.074097 0.000198 308.469697
data/chr27.eds 0.074097 0.000203 300.871921
data/chr27.eds 0.074097 
data/chr28.eds 0.112936 0.000291 311.484536
data/chr28.eds 0.112936 0.000296 306.222973
data/chr28.eds 0.112936
next
data/chr25.eds 0.047027 0.000103 393.757282
data/chr25.eds 0.047027 0.000112 362.116071
data/chr25.eds 0.047027 data/chr26.eds 0.056166 0.000145 327.931034
data/chr26.eds 0.056166 0.000148 321.283784
data/chr26.eds 0.056166 data/chr27.eds 0.074097 0.000201 303.865672
data/chr27.eds 0.074097 0.000205 297.936585
data/chr27.eds 0.074097 data/chr28.eds 0.112936 0.000292 310.417808
data/chr28.eds 0.112936 0.000296 306.222973
data/chr28.eds 0.112936 data/chr25.eds 0.047027 data/chr25.eds 0.047027 data/chr25.eds 0.047027 data/chr26.eds 0.056166 data/chr26.eds 0.056166 data/chr26.eds 0.056166 data/chr27.eds 0.074097 data/chr27.eds 0.074097 data/chr25.eds 0.047027 0.000105 386.257143
data/chr25.eds 0.047027 0.000115 352.669565
data/chr25.eds 0.047027 data/chr26.eds 0.056166 data/chr25.eds 0.047027 0.000103 393.757282
data/chr25.eds 0.047027 0.000111 365.378378
data/chr25.eds 0.047027 data/chr26.eds 0.056166 0.000147 323.469388
data/chr26.eds 0.056166 0.000152 312.828947
data/chr25.eds 0.047027 0.000104 389.971154
data/chr25.eds 0.047027 0.000111 365.378378
data/chr25.eds 0.047027 data/chr26.eds 0.056166 0.000148 321.283784
data/chr26.eds 0.056166 0.000151 314.900662
data/chr26.eds 0.056166 data/chr27.eds 0.074097 0.000200 305.385000
data/chr27.eds 0.074097 0.000205 297.936585
data/chr27.eds 0.074097 data/chr28.eds 0.112936 0.000296 306.222973
data/chr28.eds 0.112936 0.000302 300.139073
data/chr25.eds 0.047027 data/chr25.eds 0.047027 data/chr25.eds 0.047027 data/chr26.eds 0.056166 data/chr26.eds 0.056166 
next
data/chr25.eds 0.047027 0.000108 375.527778
data/chr25.eds 0.047027 0.000104 389.971154
data/chr25.eds 0.047027 0.000106 382.613208
data/chr26.eds 0.056166 0.000142 334.859155
data/chr26.eds 0.056166 0.000140 339.642857
data/chr26.eds 0.056166 0.000147 323.469388
data/chr27.eds 0.074097 0.000193 316.461140
data/chr27.eds 0.074097 0.000199 306.919598
data/chr27.eds 0.074097 0.000198 308.469697
data/chr28.eds 0.112936 0.000283 320.289753
data/chr28.eds 0.112936 0.000285 318.042105
data/chr28.eds 0.112936 0.000282 321.425532
next
data/chr25.eds 0.047027 0.000105 386.257143
data/chr25.eds 0.047027 0.000104 389.971154
data/chr25.eds 0.047027 0.000109 372.082569
data/chr26.eds 0.056166 0.000144 330.208333
data/chr26.eds 0.056166 0.000144 330.208333
data/chr26.eds 0.056166 0.000146 325.684932
data/chr27.eds 0.074097 0.000199 306.919598
data/chr27.eds 0.074097 0.000198 308.469697
data/chr27.eds 0.074097 0.000198 308.469697
data/chr28.eds 0.112936 0.000281 322.569395
data/chr28.eds 0.112936 0.000283 320.289753
data/chr28.eds 0.112936 0.000283 320.289753
next
data/chr25.eds 0.064013 0.000135 434.162963
data/chr25.eds 0.064013 0.000136 430.970588
data/chr25.eds 0.064013 0.000136 430.970588
data/chr25.eds 0.064013 0.000135 434.162963
data/chr25.eds 0.064013 0.000136 430.970588
data/chr26.eds 0.071448 0.000165 389.945455
data/chr26.eds 0.071448 0.000168 382.982143
data/chr26.eds 0.071448 0.000163 394.730061
data/chr26.eds 0.071448 0.000169 380.715976
data/chr26.eds 0.071448 0.000162 397.166667
data/chr27.eds 0.086895 0.000207 367.584541
data/chr27.eds 0.086895 0.000206 369.368932
data/chr27.eds 0.086895 0.000207 367.584541
data/chr27.eds 0.086895 0.000209 364.066986
data/chr27.eds 0.086895 0.000207 367.584541
data/chr28.eds 0.117973 0.000273 365.183150
data/chr28.eds 0.117973 0.000274 363.850365
data/chr28.eds 0.117973 0.000273 365.183150
data/chr28.eds 0.117973 0.000275 362.527273
data/chr28.eds 0.117973 0.000274 363.850365

data/chr25.eds 0.641745 0.001387 423.819034
data/chr25.eds 0.641745 0.001401 419.583869
data/chr25.eds 0.641745 0.001398 420.484263
data/chr25.eds 0.641745 0.001390 422.904317
data/chr25.eds 0.641745 0.001392 422.296695
data/chr26.eds 0.715272 0.001668 385.982014
data/chr26.eds 0.715272 0.001657 388.544357
data/chr26.eds 0.715272 0.001667 386.213557
data/chr26.eds 0.715272 0.001656 388.778986
data/chr26.eds 0.715272 0.001672 385.058612
data/chr27.eds 0.868417 0.002095 362.821002
data/chr27.eds 0.868417 0.002093 363.167702
data/chr27.eds 0.868417 0.002094 362.994269
data/chr27.eds 0.868417 0.002097 362.474964
data/chr27.eds 0.868417 0.002088 364.037356
data/chr28.eds 1.193986 0.002796 360.360515
data/chr28.eds 1.193986 0.002795 360.489445
data/chr28.eds 1.193986 0.002840 354.777465
data/chr28.eds 1.193986 0.002817 357.674121
data/chr28.eds 1.193986 0.002837 355.152626

data/chr25.eds 0.641745 0.001391 422.600288
data/chr25.eds 0.641745 0.001396 421.086676
data/chr25.eds 0.641745 0.001398 420.484263
data/chr25.eds 0.641745 0.001392 422.296695
data/chr25.eds 0.641745 0.001392 422.296695
data/chr26.eds 0.715272 0.001657 388.544357
data/chr26.eds 0.715272 0.001656 388.778986
data/chr26.eds 0.715272 0.001652 389.720339
data/chr26.eds 0.715272 0.001654 389.249093
data/chr26.eds 0.715272 0.001651 389.956390
data/chr27.eds 0.868417 0.002097 362.474964
data/chr27.eds 0.868417 0.002094 362.994269
data/chr27.eds 0.868417 0.002089 363.863092
data/chr27.eds 0.868417 0.002089 363.863092
data/chr27.eds 0.868417 0.002084 364.736084
data/chr28.eds 1.193986 0.002789 361.264970
data/chr28.eds 1.193986 0.002791 361.006091
data/chr28.eds 1.193986 0.002796 360.360515
data/chr28.eds 1.193986 0.002789 361.264970
data/chr28.eds 1.193986 0.002792 360.876791
