data/chr25.eds 0.641799 0.014338 41.007532
data/chr25.eds 0.641799 0.014324 41.047612
data/chr25.eds 0.641799 0.014044 41.865993
data/chr25.eds 0.641799 0.013215 44.492319
data/chr25.eds 0.641799 0.014039 41.880903

data/chr26.eds 0.715316 0.018746 34.338952
data/chr26.eds 0.715316 0.018906 34.048344
data/chr26.eds 0.715316 0.018679 34.462123
data/chr26.eds 0.715316 0.019687 32.697618
data/chr26.eds 0.715316 0.019211 33.507782

data/chr27.eds 0.870766 0.024053 31.667318
data/chr27.eds 0.870766 0.026324 28.935344
data/chr27.eds 0.870766 0.024468 31.130211
data/chr27.eds 0.870766 0.023724 32.106474
data/chr27.eds 0.870766 0.024507 31.080671

data/chr28.eds 1.192048 0.036778 27.361194
data/chr28.eds 1.192048 0.036756 27.377571
data/chr28.eds 1.192048 0.038412 26.197282
data/chr28.eds 1.192048 0.037681 26.705501
data/chr28.eds 1.192048 0.040865 24.624740

deg = 0.01

data/chr25.eds 0.535455 0.006464 80,753249
data/chr25.eds 0.535455 0.006836 76,358836
data/chr25.eds 0.535455 0.006636 78,660187
data/chr25.eds 0.535455 0.006873 75,947767
data/chr25.eds 0.535455 0.009300 56,127849

data/chr26.eds 0.554522 0.007925 67,696025
data/chr26.eds 0.554522 0.009434 56,867819
data/chr26.eds 0.554522 0.007879 68,091255
data/chr26.eds 0.554522 0.007544 71,114926
data/chr26.eds 0.554522 0.008168 65,682052

data/chr27.eds 0.592749 0.009565 59,126398
data/chr27.eds 0.592749 0.009466 59,744771
data/chr27.eds 0.592749 0.009087 62,236602
data/chr27.eds 0.592749 0.009175 61,639673
data/chr27.eds 0.592749 0.009871 57,293486

data/chr28.eds 0.672953 0.012398 50,531376
data/chr28.eds 0.672953 0.012274 51,041877
data/chr28.eds 0.672953 0.012989 48,232196
data/chr28.eds 0.672953 0.013158 47,612707
data/chr28.eds 0.672953 0.013057 47,981006

deg = 0.04
data/chr25.eds 0.641715 0.014629 40.187231
data/chr25.eds 0.641715 0.014665 40.088578
data/chr25.eds 0.641715 0.014168 41.494848
data/chr25.eds 0.641715 0.013556 43.368176
data/chr25.eds 0.641715 0.014515 40.502859
data/chr26.eds 0.716931 0.018644 34.600622
data/chr26.eds 0.716931 0.018314 35.224091
data/chr26.eds 0.716931 0.018525 34.822888
data/chr26.eds 0.716931 0.017959 35.920374
data/chr26.eds 0.716931 0.019773 32.624994
data/chr27.eds 0.869468 0.024000 31.707375
data/chr27.eds 0.869468 0.024051 31.640140
data/chr27.eds 0.869468 0.023915 31.820071
data/chr27.eds 0.869468 0.024215 31.425852
data/chr27.eds 0.869468 0.024714 30.791333
data/chr28.eds 1.186755 0.036706 27.299433
data/chr28.eds 1.186755 0.037283 26.876941
data/chr28.eds 1.186755 0.037897 26.441486
data/chr28.eds 1.186755 0.040162 24.950276
data/chr28.eds 1.186755 0.038234 26.208427

next

data/chr25.eds 0.641715 0.013986 42.034821
data/chr25.eds 0.641715 0.014268 41.204023
data/chr25.eds 0.641715 0.014020 41.932882
data/chr25.eds 0.641715 0.013515 43.499741
data/chr25.eds 0.641715 0.014329 41.028613

data/chr26.eds 0.716931 0.018403 35.053741
data/chr26.eds 0.716931 0.018401 35.057551
data/chr26.eds 0.716931 0.018961 34.022151
data/chr26.eds 0.716931 0.017932 35.974459
data/chr26.eds 0.716931 0.019904 32.410269

data/chr27.eds 0.869468 0.024091 31.587605
data/chr27.eds 0.869468 0.024119 31.550935
data/chr27.eds 0.869468 0.023522 32.351713
data/chr27.eds 0.869468 0.023583 32.268032
data/chr27.eds 0.869468 0.024961 30.486639

data/chr28.eds 1.186755 0.036973 27.102291
data/chr28.eds 1.186755 0.036319 27.590325
data/chr28.eds 1.186755 0.037653 26.612833
data/chr28.eds 1.186755 0.037792 26.514950
data/chr28.eds 1.186755 0.039110 25.621401
