data/chr25y.eds 7.368617 0.183400 33.970731
data/chr25y.eds 7.368617 0.178661 34.871808
data/chr25y.eds 7.368617 0.210780 29.557985
data/chr25y.eds 7.368617 0.211558 29.449286
data/chr25y.eds 7.368617 0.213372 29.198920
data/chr26y.eds 15.702412 0.390730 33.941169
data/chr26y.eds 15.702412 0.389482 34.049925
data/chr26y.eds 15.702412 0.470328 28.196988
data/chr26y.eds 15.702412 0.482201 27.502707
data/chr26y.eds 15.702412 0.485309 27.326575
data/chr27y.eds 27.448612 0.734391 31.596229
data/chr27y.eds 27.448612 0.737363 31.468878
data/chr27y.eds 27.448612 0.887845 26.135177
data/chr27y.eds 27.448612 0.903930 25.670114
data/chr27y.eds 27.448612 0.909746 25.506005
data/chr28y.eds 42.651100 1.235092 29.224069
data/chr28y.eds 42.651100 1.226573 29.427041
data/chr28y.eds 42.651100 1.481349 24.365908
data/chr28y.eds 42.651100 1.517968 23.778113
data/chr28y.eds 42.651100 1.548874 23.303648
next
