deg = 0.01

91,890351
89,782828
88,946176
82,462032
66,850802

78,872553
78,963448
76,969662
71,977696
60,717879

67,549790
68,126212
69,079080
64,710837
55,725236

55,745219
55,183345
56,446086
52,032707
47,311204

deg = 0.04
39.370671
38.080643
39.270762
40.725210
36.484979
36.107410
33.104334
35.792380
35.093690
32.345306
33.744932
33.733450
33.149500
32.909933
31.510665
30.789107
29.942710
30.490617
29.384569
28.064857

next


42.591428
39.791724
41.688820
39.985701
36.718243

35.523052
35.405009
35.817463
35.655017
32.700748

30.443803
34.145554
33.432035
33.935829
30.969930

30.756751
30.397967
31.215080
30.050015
28.733192
